358796
332981
247689
339317
292766
322467
341310
342790
337420
380053
339922
375931
360089
358421
346768
353258
318999
344500
383938
284249
410704
315380
277686
355282
332819
351344
297403
356202
283434
324514
385559
384801
289377
341282
337946
338960
288132
332668
377106
326199
275296
365623
316742
319655
320959
298980
331781
272752
356721
422408
384921
430485
290362
293173
341326
330029
349936
325365
345462
258872
346456
364504
378708
386513
345666
359263
374071
289267
323960
345119
363631
310198
315843
329638
396614
297505
299255
341627
293638
309055
343001
316456
383996
301089
393784
309055
309621
341198
325339
280909
352186
297048
380821
345811
269852
278726
304430
294759
329441
327458
308085
398740
